602 0 601 601
6 0.0 0.0 0.0
6 1.2576 0.8888 0.0
6 2.5152 0.0 0.0
6 3.7728 0.8888 0.0
6 5.0304 0.0 0.0
6 6.288 0.8888 0.0
6 7.5456 0.0 0.0
6 8.8032 0.8888 0.0
6 10.0608 0.0 0.0
6 11.3184 0.8888 0.0
6 12.576 0.0 0.0
6 13.8336 0.8888 0.0
6 15.0912 0.0 0.0
6 16.3488 0.8888 0.0
6 17.6064 0.0 0.0
6 18.864 0.8888 0.0
6 20.1216 0.0 0.0
6 21.3792 0.8888 0.0
6 22.6368 0.0 0.0
6 23.8944 0.8888 0.0
6 25.152 0.0 0.0
6 26.4096 0.8888 0.0
6 27.6672 0.0 0.0
6 28.9248 0.8888 0.0
6 30.1824 0.0 0.0
6 31.44 0.8888 0.0
6 32.6976 0.0 0.0
6 33.9552 0.8888 0.0
6 35.2128 0.0 0.0
6 36.4704 0.8888 0.0
6 37.728 0.0 0.0
6 38.9856 0.8888 0.0
6 40.2432 0.0 0.0
6 41.5008 0.8888 0.0
6 42.7584 0.0 0.0
6 44.016 0.8888 0.0
6 45.2736 0.0 0.0
6 46.5312 0.8888 0.0
6 47.7888 0.0 0.0
6 49.0464 0.8888 0.0
6 50.304 0.0 0.0
6 51.5616 0.8888 0.0
6 52.8192 0.0 0.0
6 54.0768 0.8888 0.0
6 55.3344 0.0 0.0
6 56.592 0.8888 0.0
6 57.8496 0.0 0.0
6 59.1072 0.8888 0.0
6 60.3648 0.0 0.0
6 61.6224 0.8888 0.0
6 62.88 0.0 0.0
6 64.1376 0.8888 0.0
6 65.3952 0.0 0.0
6 66.6528 0.8888 0.0
6 67.9104 0.0 0.0
6 69.168 0.8888 0.0
6 70.4256 0.0 0.0
6 71.6832 0.8888 0.0
6 72.9408 0.0 0.0
6 74.1984 0.8888 0.0
6 75.456 0.0 0.0
6 76.7136 0.8888 0.0
6 77.9712 0.0 0.0
6 79.2288 0.8888 0.0
6 80.4864 0.0 0.0
6 81.744 0.8888 0.0
6 83.0016 0.0 0.0
6 84.2592 0.8888 0.0
6 85.5168 0.0 0.0
6 86.7744 0.8888 0.0
6 88.032 0.0 0.0
6 89.2896 0.8888 0.0
6 90.5472 0.0 0.0
6 91.8048 0.8888 0.0
6 93.0624 0.0 0.0
6 94.32 0.8888 0.0
6 95.5776 0.0 0.0
6 96.8352 0.8888 0.0
6 98.0928 0.0 0.0
6 99.3504 0.8888 0.0
6 100.608 0.0 0.0
6 101.8656 0.8888 0.0
6 103.1232 0.0 0.0
6 104.3808 0.8888 0.0
6 105.6384 0.0 0.0
6 106.896 0.8888 0.0
6 108.1536 0.0 0.0
6 109.4112 0.8888 0.0
6 110.6688 0.0 0.0
6 111.9264 0.8888 0.0
6 113.184 0.0 0.0
6 114.4416 0.8888 0.0
6 115.6992 0.0 0.0
6 116.9568 0.8888 0.0
6 118.2144 0.0 0.0
6 119.472 0.8888 0.0
6 120.7296 0.0 0.0
6 121.9872 0.8888 0.0
6 123.2448 0.0 0.0
6 124.5024 0.8888 0.0
6 125.76 0.0 0.0
6 127.0176 0.8888 0.0
6 128.2752 0.0 0.0
6 129.5328 0.8888 0.0
6 130.7904 0.0 0.0
6 132.048 0.8888 0.0
6 133.3056 0.0 0.0
6 134.5632 0.8888 0.0
6 135.8208 0.0 0.0
6 137.0784 0.8888 0.0
6 138.336 0.0 0.0
6 139.5936 0.8888 0.0
6 140.8512 0.0 0.0
6 142.1088 0.8888 0.0
6 143.3664 0.0 0.0
6 144.624 0.8888 0.0
6 145.8816 0.0 0.0
6 147.1392 0.8888 0.0
6 148.3968 0.0 0.0
6 149.6544 0.8888 0.0
6 150.912 0.0 0.0
6 152.1696 0.8888 0.0
6 153.4272 0.0 0.0
6 154.6848 0.8888 0.0
6 155.9424 0.0 0.0
6 157.2 0.8888 0.0
6 158.4576 0.0 0.0
6 159.7152 0.8888 0.0
6 160.9728 0.0 0.0
6 162.2304 0.8888 0.0
6 163.488 0.0 0.0
6 164.7456 0.8888 0.0
6 166.0032 0.0 0.0
6 167.2608 0.8888 0.0
6 168.5184 0.0 0.0
6 169.776 0.8888 0.0
6 171.0336 0.0 0.0
6 172.2912 0.8888 0.0
6 173.5488 0.0 0.0
6 174.8064 0.8888 0.0
6 176.064 0.0 0.0
6 177.3216 0.8888 0.0
6 178.5792 0.0 0.0
6 179.8368 0.8888 0.0
6 181.0944 0.0 0.0
6 182.352 0.8888 0.0
6 183.6096 0.0 0.0
6 184.8672 0.8888 0.0
6 186.1248 0.0 0.0
6 187.3824 0.8888 0.0
6 188.64 0.0 0.0
6 189.8976 0.8888 0.0
6 191.1552 0.0 0.0
6 192.4128 0.8888 0.0
6 193.6704 0.0 0.0
6 194.928 0.8888 0.0
6 196.1856 0.0 0.0
6 197.4432 0.8888 0.0
6 198.7008 0.0 0.0
6 199.9584 0.8888 0.0
6 201.216 0.0 0.0
6 202.4736 0.8888 0.0
6 203.7312 0.0 0.0
6 204.9888 0.8888 0.0
6 206.2464 0.0 0.0
6 207.504 0.8888 0.0
6 208.7616 0.0 0.0
6 210.0192 0.8888 0.0
6 211.2768 0.0 0.0
6 212.5344 0.8888 0.0
6 213.792 0.0 0.0
6 215.0496 0.8888 0.0
6 216.3072 0.0 0.0
6 217.5648 0.8888 0.0
6 218.8224 0.0 0.0
6 220.08 0.8888 0.0
6 221.3376 0.0 0.0
6 222.5952 0.8888 0.0
6 223.8528 0.0 0.0
6 225.1104 0.8888 0.0
6 226.368 0.0 0.0
6 227.6256 0.8888 0.0
6 228.8832 0.0 0.0
6 230.1408 0.8888 0.0
6 231.3984 0.0 0.0
6 232.656 0.8888 0.0
6 233.9136 0.0 0.0
6 235.1712 0.8888 0.0
6 236.4288 0.0 0.0
6 237.6864 0.8888 0.0
6 238.944 0.0 0.0
6 240.2016 0.8888 0.0
6 241.4592 0.0 0.0
6 242.7168 0.8888 0.0
6 243.9744 0.0 0.0
6 245.232 0.8888 0.0
6 246.4896 0.0 0.0
6 247.7472 0.8888 0.0
6 249.0048 0.0 0.0
6 250.2624 0.8888 0.0
1 -0.89 0.6291 0.0
1 0.0 -0.6291 0.89
1 0.0 -0.6291 -0.89
1 1.2576 1.5179 0.89
1 1.2576 1.5179 -0.89
1 2.5152 -0.6291 0.89
1 2.5152 -0.6291 -0.89
1 3.7728 1.5179 0.89
1 3.7728 1.5179 -0.89
1 5.0304 -0.6291 0.89
1 5.0304 -0.6291 -0.89
1 6.288 1.5179 0.89
1 6.288 1.5179 -0.89
1 7.5456 -0.6291 0.89
1 7.5456 -0.6291 -0.89
1 8.8032 1.5179 0.89
1 8.8032 1.5179 -0.89
1 10.0608 -0.6291 0.89
1 10.0608 -0.6291 -0.89
1 11.3184 1.5179 0.89
1 11.3184 1.5179 -0.89
1 12.576 -0.6291 0.89
1 12.576 -0.6291 -0.89
1 13.8336 1.5179 0.89
1 13.8336 1.5179 -0.89
1 15.0912 -0.6291 0.89
1 15.0912 -0.6291 -0.89
1 16.3488 1.5179 0.89
1 16.3488 1.5179 -0.89
1 17.6064 -0.6291 0.89
1 17.6064 -0.6291 -0.89
1 18.864 1.5179 0.89
1 18.864 1.5179 -0.89
1 20.1216 -0.6291 0.89
1 20.1216 -0.6291 -0.89
1 21.3792 1.5179 0.89
1 21.3792 1.5179 -0.89
1 22.6368 -0.6291 0.89
1 22.6368 -0.6291 -0.89
1 23.8944 1.5179 0.89
1 23.8944 1.5179 -0.89
1 25.152 -0.6291 0.89
1 25.152 -0.6291 -0.89
1 26.4096 1.5179 0.89
1 26.4096 1.5179 -0.89
1 27.6672 -0.6291 0.89
1 27.6672 -0.6291 -0.89
1 28.9248 1.5179 0.89
1 28.9248 1.5179 -0.89
1 30.1824 -0.6291 0.89
1 30.1824 -0.6291 -0.89
1 31.44 1.5179 0.89
1 31.44 1.5179 -0.89
1 32.6976 -0.6291 0.89
1 32.6976 -0.6291 -0.89
1 33.9552 1.5179 0.89
1 33.9552 1.5179 -0.89
1 35.2128 -0.6291 0.89
1 35.2128 -0.6291 -0.89
1 36.4704 1.5179 0.89
1 36.4704 1.5179 -0.89
1 37.728 -0.6291 0.89
1 37.728 -0.6291 -0.89
1 38.9856 1.5179 0.89
1 38.9856 1.5179 -0.89
1 40.2432 -0.6291 0.89
1 40.2432 -0.6291 -0.89
1 41.5008 1.5179 0.89
1 41.5008 1.5179 -0.89
1 42.7584 -0.6291 0.89
1 42.7584 -0.6291 -0.89
1 44.016 1.5179 0.89
1 44.016 1.5179 -0.89
1 45.2736 -0.6291 0.89
1 45.2736 -0.6291 -0.89
1 46.5312 1.5179 0.89
1 46.5312 1.5179 -0.89
1 47.7888 -0.6291 0.89
1 47.7888 -0.6291 -0.89
1 49.0464 1.5179 0.89
1 49.0464 1.5179 -0.89
1 50.304 -0.6291 0.89
1 50.304 -0.6291 -0.89
1 51.5616 1.5179 0.89
1 51.5616 1.5179 -0.89
1 52.8192 -0.6291 0.89
1 52.8192 -0.6291 -0.89
1 54.0768 1.5179 0.89
1 54.0768 1.5179 -0.89
1 55.3344 -0.6291 0.89
1 55.3344 -0.6291 -0.89
1 56.592 1.5179 0.89
1 56.592 1.5179 -0.89
1 57.8496 -0.6291 0.89
1 57.8496 -0.6291 -0.89
1 59.1072 1.5179 0.89
1 59.1072 1.5179 -0.89
1 60.3648 -0.6291 0.89
1 60.3648 -0.6291 -0.89
1 61.6224 1.5179 0.89
1 61.6224 1.5179 -0.89
1 62.88 -0.6291 0.89
1 62.88 -0.6291 -0.89
1 64.1376 1.5179 0.89
1 64.1376 1.5179 -0.89
1 65.3952 -0.6291 0.89
1 65.3952 -0.6291 -0.89
1 66.6528 1.5179 0.89
1 66.6528 1.5179 -0.89
1 67.9104 -0.6291 0.89
1 67.9104 -0.6291 -0.89
1 69.168 1.5179 0.89
1 69.168 1.5179 -0.89
1 70.4256 -0.6291 0.89
1 70.4256 -0.6291 -0.89
1 71.6832 1.5179 0.89
1 71.6832 1.5179 -0.89
1 72.9408 -0.6291 0.89
1 72.9408 -0.6291 -0.89
1 74.1984 1.5179 0.89
1 74.1984 1.5179 -0.89
1 75.456 -0.6291 0.89
1 75.456 -0.6291 -0.89
1 76.7136 1.5179 0.89
1 76.7136 1.5179 -0.89
1 77.9712 -0.6291 0.89
1 77.9712 -0.6291 -0.89
1 79.2288 1.5179 0.89
1 79.2288 1.5179 -0.89
1 80.4864 -0.6291 0.89
1 80.4864 -0.6291 -0.89
1 81.744 1.5179 0.89
1 81.744 1.5179 -0.89
1 83.0016 -0.6291 0.89
1 83.0016 -0.6291 -0.89
1 84.2592 1.5179 0.89
1 84.2592 1.5179 -0.89
1 85.5168 -0.6291 0.89
1 85.5168 -0.6291 -0.89
1 86.7744 1.5179 0.89
1 86.7744 1.5179 -0.89
1 88.032 -0.6291 0.89
1 88.032 -0.6291 -0.89
1 89.2896 1.5179 0.89
1 89.2896 1.5179 -0.89
1 90.5472 -0.6291 0.89
1 90.5472 -0.6291 -0.89
1 91.8048 1.5179 0.89
1 91.8048 1.5179 -0.89
1 93.0624 -0.6291 0.89
1 93.0624 -0.6291 -0.89
1 94.32 1.5179 0.89
1 94.32 1.5179 -0.89
1 95.5776 -0.6291 0.89
1 95.5776 -0.6291 -0.89
1 96.8352 1.5179 0.89
1 96.8352 1.5179 -0.89
1 98.0928 -0.6291 0.89
1 98.0928 -0.6291 -0.89
1 99.3504 1.5179 0.89
1 99.3504 1.5179 -0.89
1 100.608 -0.6291 0.89
1 100.608 -0.6291 -0.89
1 101.8656 1.5179 0.89
1 101.8656 1.5179 -0.89
1 103.1232 -0.6291 0.89
1 103.1232 -0.6291 -0.89
1 104.3808 1.5179 0.89
1 104.3808 1.5179 -0.89
1 105.6384 -0.6291 0.89
1 105.6384 -0.6291 -0.89
1 106.896 1.5179 0.89
1 106.896 1.5179 -0.89
1 108.1536 -0.6291 0.89
1 108.1536 -0.6291 -0.89
1 109.4112 1.5179 0.89
1 109.4112 1.5179 -0.89
1 110.6688 -0.6291 0.89
1 110.6688 -0.6291 -0.89
1 111.9264 1.5179 0.89
1 111.9264 1.5179 -0.89
1 113.184 -0.6291 0.89
1 113.184 -0.6291 -0.89
1 114.4416 1.5179 0.89
1 114.4416 1.5179 -0.89
1 115.6992 -0.6291 0.89
1 115.6992 -0.6291 -0.89
1 116.9568 1.5179 0.89
1 116.9568 1.5179 -0.89
1 118.2144 -0.6291 0.89
1 118.2144 -0.6291 -0.89
1 119.472 1.5179 0.89
1 119.472 1.5179 -0.89
1 120.7296 -0.6291 0.89
1 120.7296 -0.6291 -0.89
1 121.9872 1.5179 0.89
1 121.9872 1.5179 -0.89
1 123.2448 -0.6291 0.89
1 123.2448 -0.6291 -0.89
1 124.5024 1.5179 0.89
1 124.5024 1.5179 -0.89
1 125.76 -0.6291 0.89
1 125.76 -0.6291 -0.89
1 127.0176 1.5179 0.89
1 127.0176 1.5179 -0.89
1 128.2752 -0.6291 0.89
1 128.2752 -0.6291 -0.89
1 129.5328 1.5179 0.89
1 129.5328 1.5179 -0.89
1 130.7904 -0.6291 0.89
1 130.7904 -0.6291 -0.89
1 132.048 1.5179 0.89
1 132.048 1.5179 -0.89
1 133.3056 -0.6291 0.89
1 133.3056 -0.6291 -0.89
1 134.5632 1.5179 0.89
1 134.5632 1.5179 -0.89
1 135.8208 -0.6291 0.89
1 135.8208 -0.6291 -0.89
1 137.0784 1.5179 0.89
1 137.0784 1.5179 -0.89
1 138.336 -0.6291 0.89
1 138.336 -0.6291 -0.89
1 139.5936 1.5179 0.89
1 139.5936 1.5179 -0.89
1 140.8512 -0.6291 0.89
1 140.8512 -0.6291 -0.89
1 142.1088 1.5179 0.89
1 142.1088 1.5179 -0.89
1 143.3664 -0.6291 0.89
1 143.3664 -0.6291 -0.89
1 144.624 1.5179 0.89
1 144.624 1.5179 -0.89
1 145.8816 -0.6291 0.89
1 145.8816 -0.6291 -0.89
1 147.1392 1.5179 0.89
1 147.1392 1.5179 -0.89
1 148.3968 -0.6291 0.89
1 148.3968 -0.6291 -0.89
1 149.6544 1.5179 0.89
1 149.6544 1.5179 -0.89
1 150.912 -0.6291 0.89
1 150.912 -0.6291 -0.89
1 152.1696 1.5179 0.89
1 152.1696 1.5179 -0.89
1 153.4272 -0.6291 0.89
1 153.4272 -0.6291 -0.89
1 154.6848 1.5179 0.89
1 154.6848 1.5179 -0.89
1 155.9424 -0.6291 0.89
1 155.9424 -0.6291 -0.89
1 157.2 1.5179 0.89
1 157.2 1.5179 -0.89
1 158.4576 -0.6291 0.89
1 158.4576 -0.6291 -0.89
1 159.7152 1.5179 0.89
1 159.7152 1.5179 -0.89
1 160.9728 -0.6291 0.89
1 160.9728 -0.6291 -0.89
1 162.2304 1.5179 0.89
1 162.2304 1.5179 -0.89
1 163.488 -0.6291 0.89
1 163.488 -0.6291 -0.89
1 164.7456 1.5179 0.89
1 164.7456 1.5179 -0.89
1 166.0032 -0.6291 0.89
1 166.0032 -0.6291 -0.89
1 167.2608 1.5179 0.89
1 167.2608 1.5179 -0.89
1 168.5184 -0.6291 0.89
1 168.5184 -0.6291 -0.89
1 169.776 1.5179 0.89
1 169.776 1.5179 -0.89
1 171.0336 -0.6291 0.89
1 171.0336 -0.6291 -0.89
1 172.2912 1.5179 0.89
1 172.2912 1.5179 -0.89
1 173.5488 -0.6291 0.89
1 173.5488 -0.6291 -0.89
1 174.8064 1.5179 0.89
1 174.8064 1.5179 -0.89
1 176.064 -0.6291 0.89
1 176.064 -0.6291 -0.89
1 177.3216 1.5179 0.89
1 177.3216 1.5179 -0.89
1 178.5792 -0.6291 0.89
1 178.5792 -0.6291 -0.89
1 179.8368 1.5179 0.89
1 179.8368 1.5179 -0.89
1 181.0944 -0.6291 0.89
1 181.0944 -0.6291 -0.89
1 182.352 1.5179 0.89
1 182.352 1.5179 -0.89
1 183.6096 -0.6291 0.89
1 183.6096 -0.6291 -0.89
1 184.8672 1.5179 0.89
1 184.8672 1.5179 -0.89
1 186.1248 -0.6291 0.89
1 186.1248 -0.6291 -0.89
1 187.3824 1.5179 0.89
1 187.3824 1.5179 -0.89
1 188.64 -0.6291 0.89
1 188.64 -0.6291 -0.89
1 189.8976 1.5179 0.89
1 189.8976 1.5179 -0.89
1 191.1552 -0.6291 0.89
1 191.1552 -0.6291 -0.89
1 192.4128 1.5179 0.89
1 192.4128 1.5179 -0.89
1 193.6704 -0.6291 0.89
1 193.6704 -0.6291 -0.89
1 194.928 1.5179 0.89
1 194.928 1.5179 -0.89
1 196.1856 -0.6291 0.89
1 196.1856 -0.6291 -0.89
1 197.4432 1.5179 0.89
1 197.4432 1.5179 -0.89
1 198.7008 -0.6291 0.89
1 198.7008 -0.6291 -0.89
1 199.9584 1.5179 0.89
1 199.9584 1.5179 -0.89
1 201.216 -0.6291 0.89
1 201.216 -0.6291 -0.89
1 202.4736 1.5179 0.89
1 202.4736 1.5179 -0.89
1 203.7312 -0.6291 0.89
1 203.7312 -0.6291 -0.89
1 204.9888 1.5179 0.89
1 204.9888 1.5179 -0.89
1 206.2464 -0.6291 0.89
1 206.2464 -0.6291 -0.89
1 207.504 1.5179 0.89
1 207.504 1.5179 -0.89
1 208.7616 -0.6291 0.89
1 208.7616 -0.6291 -0.89
1 210.0192 1.5179 0.89
1 210.0192 1.5179 -0.89
1 211.2768 -0.6291 0.89
1 211.2768 -0.6291 -0.89
1 212.5344 1.5179 0.89
1 212.5344 1.5179 -0.89
1 213.792 -0.6291 0.89
1 213.792 -0.6291 -0.89
1 215.0496 1.5179 0.89
1 215.0496 1.5179 -0.89
1 216.3072 -0.6291 0.89
1 216.3072 -0.6291 -0.89
1 217.5648 1.5179 0.89
1 217.5648 1.5179 -0.89
1 218.8224 -0.6291 0.89
1 218.8224 -0.6291 -0.89
1 220.08 1.5179 0.89
1 220.08 1.5179 -0.89
1 221.3376 -0.6291 0.89
1 221.3376 -0.6291 -0.89
1 222.5952 1.5179 0.89
1 222.5952 1.5179 -0.89
1 223.8528 -0.6291 0.89
1 223.8528 -0.6291 -0.89
1 225.1104 1.5179 0.89
1 225.1104 1.5179 -0.89
1 226.368 -0.6291 0.89
1 226.368 -0.6291 -0.89
1 227.6256 1.5179 0.89
1 227.6256 1.5179 -0.89
1 228.8832 -0.6291 0.89
1 228.8832 -0.6291 -0.89
1 230.1408 1.5179 0.89
1 230.1408 1.5179 -0.89
1 231.3984 -0.6291 0.89
1 231.3984 -0.6291 -0.89
1 232.656 1.5179 0.89
1 232.656 1.5179 -0.89
1 233.9136 -0.6291 0.89
1 233.9136 -0.6291 -0.89
1 235.1712 1.5179 0.89
1 235.1712 1.5179 -0.89
1 236.4288 -0.6291 0.89
1 236.4288 -0.6291 -0.89
1 237.6864 1.5179 0.89
1 237.6864 1.5179 -0.89
1 238.944 -0.6291 0.89
1 238.944 -0.6291 -0.89
1 240.2016 1.5179 0.89
1 240.2016 1.5179 -0.89
1 241.4592 -0.6291 0.89
1 241.4592 -0.6291 -0.89
1 242.7168 1.5179 0.89
1 242.7168 1.5179 -0.89
1 243.9744 -0.6291 0.89
1 243.9744 -0.6291 -0.89
1 245.232 1.5179 0.89
1 245.232 1.5179 -0.89
1 246.4896 -0.6291 0.89
1 246.4896 -0.6291 -0.89
1 247.7472 1.5179 0.89
1 247.7472 1.5179 -0.89
1 249.0048 -0.6291 0.89
1 249.0048 -0.6291 -0.89
1 251.1524 1.5179 0.0
1 250.2624 0.25970000000000004 0.89
1 250.2624 0.25970000000000004 -0.89