62 0 61 61
6 0.0 0.0 0.0
6 1.2576 0.8888 0.0
6 2.5152 0.0 0.0
6 3.7728 0.8888 0.0
6 5.0304 0.0 0.0
6 6.288 0.8888 0.0
6 7.5456 0.0 0.0
6 8.8032 0.8888 0.0
6 10.0608 0.0 0.0
6 11.3184 0.8888 0.0
6 12.576 0.0 0.0
6 13.8336 0.8888 0.0
6 15.0912 0.0 0.0
6 16.3488 0.8888 0.0
6 17.6064 0.0 0.0
6 18.864 0.8888 0.0
6 20.1216 0.0 0.0
6 21.3792 0.8888 0.0
6 22.6368 0.0 0.0
6 23.8944 0.8888 0.0
1 -0.89 0.6291 0.0
1 0.0 -0.6291 0.89
1 0.0 -0.6291 -0.89
1 1.2576 1.5179 0.89
1 1.2576 1.5179 -0.89
1 2.5152 -0.6291 0.89
1 2.5152 -0.6291 -0.89
1 3.7728 1.5179 0.89
1 3.7728 1.5179 -0.89
1 5.0304 -0.6291 0.89
1 5.0304 -0.6291 -0.89
1 6.288 1.5179 0.89
1 6.288 1.5179 -0.89
1 7.5456 -0.6291 0.89
1 7.5456 -0.6291 -0.89
1 8.8032 1.5179 0.89
1 8.8032 1.5179 -0.89
1 10.0608 -0.6291 0.89
1 10.0608 -0.6291 -0.89
1 11.3184 1.5179 0.89
1 11.3184 1.5179 -0.89
1 12.576 -0.6291 0.89
1 12.576 -0.6291 -0.89
1 13.8336 1.5179 0.89
1 13.8336 1.5179 -0.89
1 15.0912 -0.6291 0.89
1 15.0912 -0.6291 -0.89
1 16.3488 1.5179 0.89
1 16.3488 1.5179 -0.89
1 17.6064 -0.6291 0.89
1 17.6064 -0.6291 -0.89
1 18.864 1.5179 0.89
1 18.864 1.5179 -0.89
1 20.1216 -0.6291 0.89
1 20.1216 -0.6291 -0.89
1 21.3792 1.5179 0.89
1 21.3792 1.5179 -0.89
1 22.6368 -0.6291 0.89
1 22.6368 -0.6291 -0.89
1 24.7844 1.5179 0.0
1 23.8944 0.25970000000000004 0.89
1 23.8944 0.25970000000000004 -0.89