152 0 151 151
6 0.0 0.0 0.0
6 1.2576 0.8888 0.0
6 2.5152 0.0 0.0
6 3.7728 0.8888 0.0
6 5.0304 0.0 0.0
6 6.288 0.8888 0.0
6 7.5456 0.0 0.0
6 8.8032 0.8888 0.0
6 10.0608 0.0 0.0
6 11.3184 0.8888 0.0
6 12.576 0.0 0.0
6 13.8336 0.8888 0.0
6 15.0912 0.0 0.0
6 16.3488 0.8888 0.0
6 17.6064 0.0 0.0
6 18.864 0.8888 0.0
6 20.1216 0.0 0.0
6 21.3792 0.8888 0.0
6 22.6368 0.0 0.0
6 23.8944 0.8888 0.0
6 25.152 0.0 0.0
6 26.4096 0.8888 0.0
6 27.6672 0.0 0.0
6 28.9248 0.8888 0.0
6 30.1824 0.0 0.0
6 31.44 0.8888 0.0
6 32.6976 0.0 0.0
6 33.9552 0.8888 0.0
6 35.2128 0.0 0.0
6 36.4704 0.8888 0.0
6 37.728 0.0 0.0
6 38.9856 0.8888 0.0
6 40.2432 0.0 0.0
6 41.5008 0.8888 0.0
6 42.7584 0.0 0.0
6 44.016 0.8888 0.0
6 45.2736 0.0 0.0
6 46.5312 0.8888 0.0
6 47.7888 0.0 0.0
6 49.0464 0.8888 0.0
6 50.304 0.0 0.0
6 51.5616 0.8888 0.0
6 52.8192 0.0 0.0
6 54.0768 0.8888 0.0
6 55.3344 0.0 0.0
6 56.592 0.8888 0.0
6 57.8496 0.0 0.0
6 59.1072 0.8888 0.0
6 60.3648 0.0 0.0
6 61.6224 0.8888 0.0
1 -0.89 0.6291 0.0
1 0.0 -0.6291 0.89
1 0.0 -0.6291 -0.89
1 1.2576 1.5179 0.89
1 1.2576 1.5179 -0.89
1 2.5152 -0.6291 0.89
1 2.5152 -0.6291 -0.89
1 3.7728 1.5179 0.89
1 3.7728 1.5179 -0.89
1 5.0304 -0.6291 0.89
1 5.0304 -0.6291 -0.89
1 6.288 1.5179 0.89
1 6.288 1.5179 -0.89
1 7.5456 -0.6291 0.89
1 7.5456 -0.6291 -0.89
1 8.8032 1.5179 0.89
1 8.8032 1.5179 -0.89
1 10.0608 -0.6291 0.89
1 10.0608 -0.6291 -0.89
1 11.3184 1.5179 0.89
1 11.3184 1.5179 -0.89
1 12.576 -0.6291 0.89
1 12.576 -0.6291 -0.89
1 13.8336 1.5179 0.89
1 13.8336 1.5179 -0.89
1 15.0912 -0.6291 0.89
1 15.0912 -0.6291 -0.89
1 16.3488 1.5179 0.89
1 16.3488 1.5179 -0.89
1 17.6064 -0.6291 0.89
1 17.6064 -0.6291 -0.89
1 18.864 1.5179 0.89
1 18.864 1.5179 -0.89
1 20.1216 -0.6291 0.89
1 20.1216 -0.6291 -0.89
1 21.3792 1.5179 0.89
1 21.3792 1.5179 -0.89
1 22.6368 -0.6291 0.89
1 22.6368 -0.6291 -0.89
1 23.8944 1.5179 0.89
1 23.8944 1.5179 -0.89
1 25.152 -0.6291 0.89
1 25.152 -0.6291 -0.89
1 26.4096 1.5179 0.89
1 26.4096 1.5179 -0.89
1 27.6672 -0.6291 0.89
1 27.6672 -0.6291 -0.89
1 28.9248 1.5179 0.89
1 28.9248 1.5179 -0.89
1 30.1824 -0.6291 0.89
1 30.1824 -0.6291 -0.89
1 31.44 1.5179 0.89
1 31.44 1.5179 -0.89
1 32.6976 -0.6291 0.89
1 32.6976 -0.6291 -0.89
1 33.9552 1.5179 0.89
1 33.9552 1.5179 -0.89
1 35.2128 -0.6291 0.89
1 35.2128 -0.6291 -0.89
1 36.4704 1.5179 0.89
1 36.4704 1.5179 -0.89
1 37.728 -0.6291 0.89
1 37.728 -0.6291 -0.89
1 38.9856 1.5179 0.89
1 38.9856 1.5179 -0.89
1 40.2432 -0.6291 0.89
1 40.2432 -0.6291 -0.89
1 41.5008 1.5179 0.89
1 41.5008 1.5179 -0.89
1 42.7584 -0.6291 0.89
1 42.7584 -0.6291 -0.89
1 44.016 1.5179 0.89
1 44.016 1.5179 -0.89
1 45.2736 -0.6291 0.89
1 45.2736 -0.6291 -0.89
1 46.5312 1.5179 0.89
1 46.5312 1.5179 -0.89
1 47.7888 -0.6291 0.89
1 47.7888 -0.6291 -0.89
1 49.0464 1.5179 0.89
1 49.0464 1.5179 -0.89
1 50.304 -0.6291 0.89
1 50.304 -0.6291 -0.89
1 51.5616 1.5179 0.89
1 51.5616 1.5179 -0.89
1 52.8192 -0.6291 0.89
1 52.8192 -0.6291 -0.89
1 54.0768 1.5179 0.89
1 54.0768 1.5179 -0.89
1 55.3344 -0.6291 0.89
1 55.3344 -0.6291 -0.89
1 56.592 1.5179 0.89
1 56.592 1.5179 -0.89
1 57.8496 -0.6291 0.89
1 57.8496 -0.6291 -0.89
1 59.1072 1.5179 0.89
1 59.1072 1.5179 -0.89
1 60.3648 -0.6291 0.89
1 60.3648 -0.6291 -0.89
1 62.5124 1.5179 0.0
1 61.6224 0.25970000000000004 0.89
1 61.6224 0.25970000000000004 -0.89